Movie Report
------------

Frame #    Frame Bytes    Total Bytes    Page
-------    -----------    -----------    ---------------
    1          3660           3660        Loader
    2            53           3713          2
    3            53           3766          3
    4            53           3819          4
    5            53           3872          5
    6            53           3925          6
    7            53           3978          7
    8            53           4031          8
    9          7463          11494          9
   10            53          11547          10
   11            53          11600          11
   12            53          11653          12
   13            53          11706          13
   14            53          11759          14
   15            75          11834          15
   16            53          11887          16
   17            53          11940          17
   18            53          11993          18
   19            53          12046          19
   20            53          12099          20
   21            53          12152          21
   22            53          12205          22
   23            53          12258          23
   24            53          12311          24
   25            53          12364          25
   26            53          12417          26
   27            53          12470          27
   28            53          12523          28
   29            53          12576          29
   30            75          12651          30
   31            53          12704          31
   32            53          12757          32
   33            53          12810          33
   34            53          12863          34
   35            53          12916          35
   36            53          12969          36
   37            54          13023          37
   38            54          13077          38
   39            54          13131          39
   40            54          13185          40
   41            54          13239          41
   42            54          13293          42
   43            54          13347          43
   44            54          13401          44
   45            76          13477          45
   46             2          13479          46
   47             2          13481          47
   48             2          13483          48
   49             2          13485          49
   50             2          13487          50
   51             2          13489          51
   52             2          13491          52
   53             2          13493          53
   54             2          13495          54
   55            56          13551          55
   56            55          13606          56
   57            55          13661          57
   58            55          13716          58
   59            55          13771          59
   60            77          13848          60
   61            55          13903          61
   62            55          13958          62
   63            54          14012          63
   64            54          14066          64
   65            54          14120          65
   66            54          14174          66
   67            54          14228          67
   68            54          14282          68
   69            54          14336          69
   70            54          14390          70
   71            54          14444          71
   72            54          14498          72
   73            54          14552          73
   74            54          14606          74
   75            76          14682          75
   76            54          14736          76
   77            54          14790          77
   78            54          14844          78
   79            54          14898          79
   80            54          14952          80
   81            54          15006          81
   82            54          15060          82
   83            54          15114          83
   84            54          15168          84
   85            54          15222          85
   86            54          15276          86
   87            54          15330          87
   88            54          15384          88
   89            54          15438          89
   90            76          15514          90
   91            54          15568          91
   92            54          15622          92
   93            54          15676          93
   94            54          15730          94
   95            54          15784          95
   96             2          15786          96
   97             2          15788          97
   98             2          15790          98
   99             2          15792          99
  100             2          15794          100
  101             2          15796          101
  102             2          15798          102
  103             2          15800          103
  104             2          15802          104
  105            24          15826          105
  106            54          15880          106
  107            54          15934          107
  108            54          15988          108
  109            54          16042          109
  110            54          16096          110
  111            54          16150          111
  112            54          16204          112
  113            54          16258          113
  114            54          16312          114
  115            54          16366          115
  116            55          16421          116
  117            55          16476          117
  118            55          16531          118
  119            55          16586          119
  120            77          16663          120
  121            55          16718          121
  122            55          16773          122
  123            55          16828          123
  124            55          16883          124
  125            55          16938          125
  126            55          16993          126
  127            55          17048          127
  128            56          17104          128
  129            56          17160          129
  130            56          17216          130
  131            56          17272          131
  132            56          17328          132
  133            56          17384          133
  134            56          17440          134
  135            78          17518          135
  136            56          17574          136
  137            56          17630          137
  138            56          17686          138
  139            56          17742          139
  140            56          17798          140
  141            56          17854          141
  142            56          17910          142
  143            56          17966          143
  144            56          18022          144
  145            56          18078          145
  146            56          18134          146
  147            56          18190          147
  148            56          18246          148
  149            56          18302          149
  150            78          18380          150
  151            56          18436          151
  152            56          18492          152
  153            56          18548          153
  154             2          18550          154
  155             2          18552          155
  156             2          18554          156
  157             2          18556          157
  158             2          18558          158
  159             2          18560          159
  160             2          18562          160
  161             2          18564          161
  162             2          18566          162
  163             2          18568          163
  164             2          18570          164
  165            78          18648          165
  166            56          18704          166
  167            56          18760          167
  168            56          18816          168
  169            56          18872          169
  170            56          18928          170
  171            56          18984          171
  172            56          19040          172
  173            56          19096          173
  174            56          19152          174
  175            56          19208          175
  176            56          19264          176
  177            56          19320          177
  178            56          19376          178
  179            56          19432          179
  180            78          19510          180
  181            56          19566          181
  182            56          19622          182
  183            56          19678          183
  184            56          19734          184
  185            56          19790          185
  186            56          19846          186
  187            56          19902          187
  188            56          19958          188
  189            56          20014          189
  190            55          20069          190
  191            55          20124          191
  192            55          20179          192
  193            55          20234          193
  194            55          20289          194
  195            77          20366          195
  196            55          20421          196
  197            55          20476          197
  198            55          20531          198
  199            56          20587          199
  200            56          20643          200
  201            56          20699          201
  202            56          20755          202
  203            56          20811          203
  204            56          20867          204
  205            56          20923          205
  206            24          20947          206
  207             2          20949          207
  208             2          20951          208
  209             2          20953          209
  210             2          20955          210
  211             2          20957          211
  212             2          20959          212
  213             2          20961          213
  214             2          20963          214
  215             2          20965          215
  216             2          20967          216
  217             2          20969          217
  218             2          20971          218
  219             2          20973          219
  220            15          20988          220
  221          8013          29001        Intro
  222         11349          40350        Frictionless
  223          1160          41510          2
  224           109          41619          3
  225             2          41621          4
  226          1863          43484        0 Degrees
  227           596          44080          2
  228           109          44189          3
  229             2          44191          4
  230          1148          45339        30 Degrees
  231           836          46175          2
  232           221          46396          3
  233             2          46398          4
  234          1543          47941        45 Degrees
  235           806          48747          2
  236           221          48968          3
  237             2          48970          4
  238          1284          50254        60 Degrees
  239           806          51060          2
  240           221          51281          3
  241             2          51283          4
  242          1073          52356        90 Degrees
  243           712          53068          2
  244           121          53189          3
  245             2          53191          4
  246          3063          56254        Equations
  247             2          56256          2
  248             2          56258          3
  249             2          56260          4
  250             2          56262          5
  251             2          56264          6
  252             2          56266          7
  253             2          56268          8
  254             2          56270          9
  255             2          56272          10
  256           789          57061          11
  257             2          57063          12
  258             2          57065          13
  259             2          57067          14
  260             2          57069          15
  261             2          57071          16
  262             2          57073          17
  263             2          57075          18
  264             2          57077          19
  265             2          57079          20
  266          1571          58650          21
  267             2          58652          22
  268             2          58654          23
  269             2          58656          24
  270             2          58658          25
  271             2          58660          26
  272             2          58662          27
  273             2          58664          28
  274             2          58666          29
  275             2          58668          30
  276           466          59134          31
  277             2          59136          32
  278             2          59138          33
  279             2          59140          34
  280             2          59142          35
  281             2          59144          36
  282             2          59146          37
  283             2          59148          38
  284             2          59150          39
  285             2          59152          40
  286          1557          60709          41
  287             2          60711          42
  288             2          60713          43
  289             2          60715          44
  290             2          60717          45
  291             2          60719          46
  292             2          60721          47
  293             2          60723          48
  294             2          60725          49
  295             2          60727          50
  296           340          61067          51
  297             2          61069          52
  298             2          61071          53
  299             2          61073          54
  300             2          61075          55
  301             2          61077          56
  302             2          61079          57
  303             2          61081          58
  304             2          61083          59
  305             2          61085          60
  306           912          61997          61
  307             2          61999          62
  308             2          62001          63
  309             2          62003          64
  310             2          62005          65
  311             2          62007          66
  312             2          62009          67
  313             2          62011          68
  314             2          62013          69
  315             2          62015          70
  316           365          62380          71
  317             2          62382          72
  318             2          62384          73
  319             2          62386          74
  320             2          62388          75
  321             2          62390          76
  322             2          62392          77
  323             2          62394          78
  324             2          62396          79
  325             2          62398          80
  326           536          62934          81
  327             2          62936          82
  328             2          62938          83
  329             2          62940          84
  330             2          62942          85
  331             2          62944          86
  332             2          62946          87
  333             2          62948          88
  334             2          62950          89
  335             2          62952          90
  336           303          63255          91
  337             2          63257          92
  338             2          63259          93
  339             2          63261          94
  340             2          63263          95
  341             2          63265          96
  342             2          63267          97
  343             2          63269          98
  344             2          63271          99
  345             2          63273          100
  346           434          63707          101
  347             2          63709          102
  348             2          63711          103
  349             2          63713          104
  350             2          63715          105
  351             2          63717          106
  352             2          63719          107
  353             2          63721          108
  354             2          63723          109
  355             2          63725          110
  356           417          64142        Created By

Page                       Shape Bytes    Text Bytes
-----------------------    -----------    ----------
Loader                            0             0
Intro                             0          1105
Frictionless                    105           393
0 Degrees                       105           206
30 Degrees                      145           208
45 Degrees                      145           208
60 Degrees                      145           208
90 Degrees                      162           914
Equations                       823          5678
Created By                        0            99

Embedded Objects                 58             0

Symbol                     Shape Bytes    Text Bytes
-----------------------    -----------    ----------
NowLoading                     8258             0
White                            69             0
NetForces                        53           153
ForceMessage                      0             0
UFO-Box at 0 degrees              0             0
UFO-Box at 30 degrees             0             0
Rocket                            0             0
Rope                             61             0
Button 2                        102             0
Control area                     73             0
Background                      284             0
Box                               0             0
Button                          102             0
Power                             0             0
Message                           0           113
Timeline                          0             0
Arrow                            46             0
UFO-Box at 90 degrees           115             0
UFO-Box at 60 degrees           125             0
UFO-Box at 45 degrees           146             0

Bitmap                     Compressed  Original    Compression
-----------------------    ----------  ----------  ------------
UFO                             1891        7488   JPEG Quality=50

Event sounds: 11KHz Mono 16 kbps MP3

Sound Name                 Bytes       Format
-----------------------    --------    --------
ace_nopower.wav              8439        11KHz Mono 16 kbps MP3

Font Name                  Bytes       Characters
-----------------------    --------    -----------
_sans                          20        
Arial Bold                    676        ERenorst
Symbol                        521         ()+-Smq
Arial                        5369         ()+,-.0123456789:<=ABCDEFILNOSTUVWXYabcdefghiklmnopqrstuvwxyz
